0 0
1 1
2 1
3 1
4 1
5 0
6 6
7 0
8 0
9 0
10 6
11 11
12 11
13 1
14 11
15 11
16 6
17 0
18 0
19 6
20 11
21 6
22 0
23 11
24 0
25 6
26 11
27 11
28 6
29 6
30 6
31 6
32 6
33 6
34 6
35 6
36 1
37 0
38 0
39 0
40 6
41 11
42 6
43 6
44 6
45 6
46 6
47 11
48 0
49 49
50 6
51 0
52 1
53 0
54 6
55 6
56 0
57 0
58 58
59 0
60 0
61 11
62 6
63 11
64 0
65 6
66 11
67 6
68 6
69 11
70 11
71 6
72 6
73 6
74 11
75 6
76 11
77 49
78 6
79 0
80 0
81 0
82 11
83 11
84 0
85 6
86 11
87 11
88 11
89 1
90 0
91 0
92 0
93 6
94 11
95 6
96 6
97 11
98 6
99 0
100 0
101 6
102 6
103 11
104 11
105 1
106 6
107 1
108 11
109 6
110 11
111 11
112 6
113 6
114 0
115 0
116 6
117 11
118 11
119 49
120 11
121 11
122 49
123 49
124 49
125 11
126 11
127 49
128 49
129 11
130 11
131 49
132 11
133 0
134 11
135 11
136 6
137 0
138 11
139 6
140 11
141 11
142 49
143 49
144 49
145 6
146 0
147 0
148 0
149 6
150 1
151 0
152 0
153 6
154 1
155 1
156 6
157 6
158 11
159 0
160 0
161 6
162 1
163 0
164 58
165 1
166 58
167 58
168 1
169 58
170 1
171 1
172 6
173 0
174 0
175 1
176 49
177 0
178 6
179 6
180 6
181 6
182 49
183 11
184 1
185 58
186 58
187 58
188 11
189 49
190 11
191 6
192 6
193 6
194 6
195 49
196 49
197 49
198 6
199 49
200 1
201 201
202 6
203 49
204 11
205 11
206 49
207 49
208 49
209 49
210 49
211 11
212 11
213 6
214 11
215 11
216 6
217 0
218 58
219 1
220 6
221 11
222 6
223 1
224 6
225 6
226 58
227 1
228 58
229 1
230 0
231 6
232 1
233 58
234 58
235 58
236 1
237 0
238 6
239 0
240 1
241 6
242 0
243 0
244 0
245 0
246 6
247 0
248 0
249 49
250 11
251 11
252 6
253 6
254 6
255 6
256 11
257 11
258 11
259 11
260 6
261 58
262 58
263 6
264 11
265 6
266 0
267 58
268 58
269 1
270 0
271 11
272 58
273 58
274 58
275 49
276 49
277 6
278 1
279 6
280 11
281 11
282 49
283 6
284 49
285 11
286 49
287 11
288 49
289 6
290 6
291 49
292 11
293 49
294 6
295 0
296 0
297 11
298 11
299 11
300 1
301 0
302 6
303 0
304 6
305 6
306 11
307 11
308 0
309 0
310 1
311 0
312 58
313 0
314 0
315 1
316 0
317 58
318 1
319 49
320 49
321 11
322 6
323 11
324 11
325 0
326 6
327 1
328 0
329 1
330 0
331 0
332 1
333 1
334 1
335 0
336 0
337 1
338 6
339 0
340 0
341 0
342 6
343 1
344 1
345 1
346 58
347 58
348 0
349 6
350 0
351 0
352 11
353 11
354 6
355 0
356 11
357 11
358 0
359 11
360 11
361 0
362 6
363 0
364 0
365 0
366 1
367 6
368 6
369 0
370 1
371 0
372 0
373 0
374 0
375 49
376 11
377 6
378 11
379 1
380 1
381 49
382 49
383 11
384 49
385 49
386 6
387 0
388 0
389 0
390 6
391 49
392 6
393 11
394 6
395 1
396 11
397 6
398 1
399 6
400 1
401 1
402 6
403 6
404 6
405 0
406 11
407 1
408 6
409 0
410 6
411 6
412 1
413 6
414 0
415 1
416 0
417 0
418 6
419 6
420 11
421 6
422 0
423 0
424 11
425 11
426 6
427 1
428 6
429 0
430 0
431 0
432 0
433 6
434 0
435 6
436 6
437 6
438 11
439 6
440 0
441 6
442 6
443 6
444 6
445 0
446 1
447 11
448 1
449 0
450 0
451 0
452 6
453 6
454 0
455 0
456 0
457 6
458 6
459 6
460 6
461 0
462 1
463 0
464 1
465 0
466 0
467 0
468 0
469 6
470 0
471 6
472 6
473 0
474 0
475 1
476 1
477 11
478 6
479 6
480 6
481 6
482 0
483 0
484 6
485 0
486 6
487 6
488 49
489 1
490 1
491 0
492 6
493 1
494 1
495 6
496 0
497 0
498 0
499 0
500 0
501 1
502 1
503 1
504 0
505 6
506 6
507 11
508 6
509 11
510 0
511 11
512 11
513 11
514 6
515 6
516 11
517 11
518 11
519 6
520 6
521 6
522 11
523 11
524 6
525 0
526 6
